"TOA5","LIM","CR1000","51714","CR1000.Std.32.03","CPU:albedo2023.CR1","11940","saida1min"
"TIMESTAMP","RECORD","batt_volt_Min","PTemp","rad_in_Avg","rad_out_Avg","albedo_Avg"
"TS","RN","","","","",""
"","","Min","Smp","Avg","Avg","Avg"
"2023-09-06 09:29:00",0,12.15,21.84,35.45,6.796,0.2
"2023-09-06 09:30:00",1,12.15,21.84,39.65,7.18,0.18
"2023-09-06 09:31:00",2,12.15,21.86,44.49,8.03,0.18
"2023-09-06 09:32:00",3,12.15,21.92,44.21,7.894,0.179
"2023-09-06 09:33:00",4,12.15,21.95,49.39,9,0.182
"2023-09-06 09:34:00",5,12.15,21.97,47.21,8.64,0.183
"2023-09-06 09:35:00",6,12.15,22,51.2,9.35,0.183
"2023-09-06 09:36:00",7,12.15,22,51.9,9.23,0.178
"2023-09-06 09:37:00",8,12.15,22,40.18,7.281,0.184
"2023-09-06 09:38:00",9,12.15,22.03,44.37,7.961,0.179
"2023-09-06 09:39:00",10,12.15,22.08,50.96,9.23,0.181
"2023-09-06 09:40:00",11,12.15,22.08,54.65,9.67,0.177
"2023-09-06 09:41:00",12,12.15,22.08,55.2,9.93,0.18
"2023-09-06 09:42:00",13,12.15,22.11,49.32,8.79,0.178
"2023-09-06 09:43:00",14,12.15,22.11,53.75,9.57,0.178
"2023-09-06 09:44:00",15,12.15,22.11,53.57,9.39,0.175
"2023-09-06 09:45:00",16,12.15,22.11,54.21,9.45,0.174
"2023-09-06 09:46:00",17,12.15,22.08,54.73,9.58,0.175
"2023-09-06 09:47:00",18,12.15,22.11,52.62,9.32,0.177
"2023-09-06 09:48:00",19,12.15,22.11,53.24,9.38,0.176
"2023-09-13 08:06:00",20,12.2,23.67,"NAN",952,"NAN"
"2023-09-13 08:07:00",21,12.19,23.7,"NAN",1620,"NAN"
"2023-09-13 08:08:00",22,12.18,23.72,"NAN",1623,"NAN"
"2023-09-13 08:09:00",23,12.18,23.7,"NAN",1425,"NAN"
"2023-09-13 08:10:00",24,12.18,23.7,"NAN",1424,"NAN"
"2023-09-13 08:11:00",25,12.18,23.7,"NAN",1432,"NAN"
"2023-09-13 08:14:00",26,12.18,23.7,64.37,11.97,0.186
"2023-09-13 08:15:00",27,12.17,23.7,49.55,8.89,0.186
"2023-09-13 08:16:00",28,12.17,23.7,53.7,9.78,0.189
"2023-09-13 08:17:00",29,12.15,23.64,59,10.63,0.18
"2023-09-13 08:18:00",30,12.15,23.58,57.66,10.34,0.18
"2023-09-13 08:19:00",31,12.16,23.52,60.57,10.68,0.176
"2023-09-13 08:20:00",32,12.16,23.47,64.06,10.7,0.167
"2023-09-13 08:21:00",33,12.16,23.38,56.69,9.55,"INF"
"2023-09-13 08:22:00",34,11.91,23.27,62.5,6.812,0.109
"2023-09-13 08:23:00",35,12.13,23.18,61.7,9.22,0.149
"2023-09-13 08:24:00",36,12.12,23.15,60.57,10.7,0.177
"2023-09-13 08:25:00",37,12.13,23.12,60.72,10.7,0.176
"2023-09-13 08:26:00",38,12.13,23.07,62.8,11.07,0.176
"2023-09-13 08:27:00",39,12.13,23.07,68.66,12.09,0.176
"2023-09-13 08:28:00",40,12.15,23.1,75.88,13.54,0.178
"2023-09-13 08:29:00",41,12.15,23.1,82.8,14.76,0.178
"2023-09-13 08:30:00",42,12.15,23.12,89.4,16.02,0.179
"2023-09-13 08:31:00",43,12.14,23.18,96.4,17.29,0.179
"2023-09-13 08:32:00",44,12.15,23.21,101.2,18.25,0.18
"2023-09-13 08:33:00",45,12.14,23.21,101.2,17.77,0.176
"2023-09-13 08:34:00",46,12.04,23.21,100,17.39,0.174
"2023-09-13 08:35:00",47,12.17,23.18,43.02,9.25,0.28
"2023-09-13 08:36:00",48,12.17,23.18,128.3,9.63,0.075
"2023-09-13 08:37:00",49,12.16,23.18,143.1,8.36,0.058
"2023-09-13 08:38:00",50,12.16,23.18,144.6,8.73,0.06
"2023-09-13 08:39:00",51,12.17,23.18,137.8,8.22,0.06
"2023-09-13 08:40:00",52,12.17,23.21,127.5,7.871,0.062
"2023-09-13 08:41:00",53,12.17,23.18,115.9,7.013,0.061
"2023-09-13 08:42:00",54,12.17,23.18,108.6,6.69,0.062
"2023-09-13 08:43:00",55,12.17,23.21,98,6.043,0.062
"2023-09-13 08:44:00",56,12.17,23.18,91.2,6.021,0.066
"2023-09-13 08:45:00",57,12.17,23.18,96.4,6.021,0.063
"2023-09-13 08:46:00",58,12.17,23.15,105.8,6.277,0.059
"2023-09-13 08:47:00",59,12.17,23.12,107.8,6.612,0.061
"2023-09-13 08:48:00",60,12.17,23.12,107,6.623,0.062
"2023-09-13 08:49:00",61,12.08,23.1,122,20.87,0.167
"2023-09-13 08:50:00",62,12.14,23.1,126.5,26.75,0.211
"2023-09-13 08:51:00",63,12.14,23.15,123.8,26.4,0.213
"2023-09-13 08:52:00",64,12.15,23.18,118.2,25.21,0.213
"2023-09-13 08:53:00",65,12.15,23.21,109.4,23.37,0.214
"2023-09-13 08:54:00",66,12.15,23.24,102.9,22.04,0.214
"2023-09-13 08:55:00",67,12.15,23.24,98.4,20.95,0.213
"2023-09-13 08:56:00",68,12.15,23.24,90.1,19.03,0.211
"2023-09-13 08:57:00",69,12.15,23.24,83.2,17.37,0.209
"2023-09-13 08:58:00",70,12.15,23.24,77.55,16.08,0.207
"2023-09-13 08:59:00",71,12.15,23.24,74.46,15.4,0.207
"2023-09-13 09:00:00",72,12.15,23.21,75.08,15.48,0.206
"2023-09-13 09:01:00",73,12.15,23.21,76.44,16.04,0.21
"2023-09-13 09:02:00",74,12.15,23.21,78.11,16.06,0.206
"2023-09-13 09:03:00",75,12.15,23.21,81.3,16.97,0.209
"2023-09-13 09:04:00",76,12.15,23.21,86,17.88,0.208
"2023-09-13 09:05:00",77,12.15,23.21,90.8,18.88,0.208
"2023-09-13 09:06:00",78,12.14,23.21,94.1,19.54,0.208
"2023-09-13 09:07:00",79,12.03,23.18,95.2,17.71,0.185
"2023-09-13 09:08:00",80,12.06,23.18,108.2,18.21,0.169
"2023-09-13 09:09:00",81,12.13,23.15,117.3,21.41,0.182
"2023-09-13 09:10:00",82,12.13,23.15,124.1,25.36,0.204
"2023-09-13 09:11:00",83,12.13,23.15,126,25.43,0.202
"2023-09-13 09:12:00",84,12.13,23.18,124.3,25.4,0.204
"2023-09-13 09:13:00",85,12.13,23.21,120.5,24.52,0.203
"2023-09-13 09:14:00",86,12.12,23.24,118,24.14,0.204
"2023-09-13 09:15:00",87,12.12,23.27,117.9,24.33,0.206
"2023-09-13 09:16:00",88,11.96,23.29,116.9,23.9,0.204
"2023-09-13 09:17:00",89,12.05,23.35,43.84,72.27,2.75
"2023-09-13 09:18:00",90,11.86,23.38,6.446,30.1,"NAN"
"2023-09-13 09:19:00",91,11.76,23.35,1.343,1.806,"INF"
"2023-09-13 09:20:00",92,12.13,23.38,1.389,0.669,0.483
"2023-09-13 09:21:00",93,12.16,23.41,1.447,0.702,0.489
"2023-09-13 09:22:00",94,12.16,23.44,1.487,0.691,0.469
"2023-09-13 09:23:00",95,12.16,23.44,1.498,0.714,0.482
"2023-09-13 09:24:00",96,12.16,23.47,1.487,0.725,0.492
